4.0 4.0 4.0 4.0 1.979984993200891 1.979984993200891 1.979984993200891 1.979984993200891 1.979984993200891 
3.5 3.5 3.5 0.2822400161197343 0.2822400161197343 0.2822400161197343 0.2822400161197343 0.2822400161197343 0.2822400161197343 
3.1666666666666665 3.1666666666666665 -0.7455654726762262 -0.7455654726762262 -0.7455654726762262 -0.7455654726762262 -0.7455654726762262 -0.7455654726762262 -0.7455654726762262 
3.0416666666666665 -1.2004869860194856 -1.2004869860194856 -1.2004869860194856 -1.2004869860194856 -1.2004869860194856 -1.2004869860194856 -1.2004869860194856 -1.2004869860194856 
-1.4359449890249156 -1.4359449890249156 -1.4359449890249156 -1.4359449890249156 -1.4359449890249156 -1.4359449890249156 -1.4359449890249156 -1.4359449890249156 -1.4359449890249156 
-1.5735972951640635 -1.5735972951640635 -1.5735972951640635 -1.5735972951640635 -1.5735972951640635 -1.5735972951640635 -1.5735972951640635 -1.5735972951640635 -1.5735972951640635 
-1.6614454842653554 -1.6614454842653554 -1.6614454842653554 -1.6614454842653554 -1.6614454842653554 -1.6614454842653554 -1.6614454842653554 -1.6614454842653554 -1.6614454842653554 
-1.721259031778324 -1.721259031778324 -1.721259031778324 -1.721259031778324 -1.721259031778324 -1.721259031778324 -1.721259031778324 -1.721259031778324 -1.721259031778324 
-1.7640455166122035 -1.7640455166122035 -1.7640455166122035 -1.7640455166122035 -1.7640455166122035 -1.7640455166122035 -1.7640455166122035 -1.7640455166122035 -1.7640455166122035 

2.8777694406671612 1.3548266774131565 0.12381944717774997 -0.7291365801654686 -1.4359449890249159 -1.5735972951640635 -1.6614454842653554 -1.721259031778324 -1.7640455166122033 

4.0 1.979984993200891 4.0 4.0 4.0 1.979984993200891 1.979984993200891 1.979984993200891 1.979984993200891 
3.5 0.2822400161197343 3.5 0.2822400161197343 3.5 0.2822400161197343 0.2822400161197343 0.2822400161197343 0.2822400161197343 
3.1666666666666665 -0.7455654726762262 -0.7455654726762262 -0.7455654726762262 3.1666666666666665 -0.7455654726762262 -0.7455654726762262 -0.7455654726762262 -0.7455654726762262 
3.0416666666666665 -1.2004869860194856 -1.2004869860194856 -1.2004869860194856 -1.2004869860194856 -1.2004869860194856 -1.2004869860194856 -1.2004869860194856 -1.2004869860194856 
-1.4359449890249156 -1.4359449890249156 -1.4359449890249156 -1.4359449890249156 -1.4359449890249156 -1.4359449890249156 -1.4359449890249156 -1.4359449890249156 -1.4359449890249156 
-1.5735972951640635 -1.5735972951640635 -1.5735972951640635 -1.5735972951640635 -1.5735972951640635 -1.5735972951640635 -1.5735972951640635 -1.5735972951640635 -1.5735972951640635 
-1.6614454842653554 -1.6614454842653554 -1.6614454842653554 -1.6614454842653554 -1.6614454842653554 -1.6614454842653554 -1.6614454842653554 -1.6614454842653554 -1.6614454842653554 
-1.721259031778324 -1.721259031778324 -1.721259031778324 -1.721259031778324 -1.721259031778324 -1.721259031778324 -1.721259031778324 -1.721259031778324 -1.721259031778324 
-1.7640455166122035 -1.7640455166122035 -1.7640455166122035 -1.7640455166122035 -1.7640455166122035 -1.7640455166122035 -1.7640455166122035 -1.7640455166122035 -1.7640455166122035 

2.8777694406671612 0.12381944717774997 -1.4359449890249159 -1.6614454842653554 -1.7640455166122033 

-1.7640455166122033 -1.6614454842653554 -1.4359449890249159 0.12381944717774997 2.8777694406671612 

